# FixedN; E; LocalE; nMean; nVariance; Populations; Entropy
true; -12.415902341733055; [-0.4212029096138393, -0.44281221707502955, -0.44293095135924143, -0.4429309995387253, -0.4429309109657753, -0.4429309011538247, -0.44293090033184473, -0.44293090014583203, -0.4429309002211298, -0.44293090015178366, -0.44293090021053144, -0.44293090016190245, -0.4429309002039397, -0.4429309001678139, -0.4429309002006089, -0.4429309001698631, -0.44293090020084463, -0.44293090016776904, -0.4429309002053386, -0.44293090016074577, -0.44293090021474163, -0.44293090014927833, -0.4429309002375084, -0.44293090023027654, -0.4429309012756233, -0.44293091075804497, -0.4429309988798347, -0.44293094907495084, -0.4428122112724897, -0.4212029071155624]; [0.9997091329658838, 1.0002695513162727, 1.0000196547362257, 1.0000015229955213, 1.0000001280102826, 1.0000000112692184, 1.0000000010605368, 1.0000000000648082, 1.0000000000315918, 0.9999999999793768, 1.0000000000168867, 0.9999999999844191, 1.000000000013111, 0.9999999999874581, 1.0000000000116964, 0.9999999999877537, 1.0000000000129854, 0.999999999984848, 1.000000000017757, 0.9999999999780931, 1.0000000000274, 0.9999999999759372, 1.0000000001338685, 1.000000000981512, 1.0000000113545473, 1.000000127906681, 1.0000015240752815, 1.000019650567957, 1.000269552399076, 0.9997091301530118]; [0.01423156047405183, 0.028050617665779543, 0.028451082006593298, 0.0284730896790939, 0.02847467338455112, 0.028474801350329537, 0.028474811983547177, 0.028474813158603007, 0.028474813063724902, 0.02847481322579548, 0.028474813099370166, 0.02847481320776457, 0.028474813117062903, 0.02847481319598999, 0.028474813126433185, 0.02847481319126577, 0.02847481312771416, 0.02847481319456935, 0.028474813119301556, 0.028474813207649552, 0.02847481309812161, 0.02847481322303813, 0.02847481297264043, 0.028474812211571665, 0.028474801080390133, 0.028474673800081618, 0.02847309132241982, 0.028451072576535674, 0.028050605377109017, 0.014231557754702528]; [0.007260996278271749 0.9857691342552003 0.006969609688900507 2.5977762748629854e-7 0.0; 0.013857096826682909 0.9720497268207592 0.0140597054487894 3.347001713999108e-5 8.866288261299306e-10; 0.014181714714921018 0.9716509132230967 0.014133376397069243 3.399394066146341e-5 1.7242515461424196e-9; 0.014201771336775765 0.9716289445875147 0.014135275568705767 3.400675742133251e-5 1.7495829073836224e-9; 0.014203260099626601 0.971627362635177 0.014135368163286843 3.400735910743443e-5 1.7428025803979704e-9; 0.014203382372299683 0.9716272349071402 0.014135373546899565 3.4007426363366096e-5 1.7472973910880146e-9; 0.014203392823802532 0.9716272241857544 0.014135373840352596 3.400740628429051e-5 1.7438060382787882e-9; 0.01420339387942278 0.9716272230974196 0.014135373848485913 3.4007428270081984e-5 1.7464016201241293e-9; 0.014203393872092827 0.971627223123493 0.014135373849846119 3.400740986494576e-5 1.7447027835567953e-9; 0.014203393958642471 0.9716272230221091 0.014135373846272765 3.400742718056849e-5 1.7457952406422952e-9; 0.014203393893261841 0.971627223099208 0.01413537385027405 3.400741189523208e-5 1.7453613661915405e-9; 0.014203393949209171 0.9716272230342105 0.014135373844949041 3.400742621700007e-5 1.7454151567693453e-9; 0.014203393901627405 0.9716272230881069 0.014135373851671204 3.40074127192002e-5 1.7458762474934982e-9; 0.014203393942897314 0.9716272230429049 0.014135373843254324 3.400742573338092e-5 1.7452114549660256e-9; 0.014203393905996953 0.971627223081352 0.014135373853942037 3.4007412380267177e-5 1.746330203912983e-9; 0.014203393940304359 0.9716272230479724 0.014135373840507517 3.4007426099022976e-5 1.745117492619956e-9; 0.014203393906316645 0.9716272230786341 0.01413537385759274 3.40074106619216e-5 1.7467950812110623e-9; 0.014203393941890902 0.9716272230493326 0.014135373835822 3.400742794758634e-5 1.7450072744823528e-9; 0.01420339390163068 0.9716272230808068 0.01413537386305353 3.400740719366007e-5 1.747315643096333e-9; 0.014203393948632875 0.9716272230461472 0.01413537382835146 3.400743222991452e-5 1.7446382284095873e-9; 0.014203393889879042 0.9716272230904685 0.014135373869882775 3.400740191488733e-5 1.7478554521310394e-9; 0.014203393952723757 0.9716272230458135 0.014135373817894627 3.400743994030513e-5 1.7436286344283478e-9; 0.014203393778960696 0.9716272232004309 0.01413537387659236 3.400739581210011e-5 1.7482041416043444e-9; 0.014203392938748054 0.9716272240755998 0.014135373792717901 3.4007451260776354e-5 1.7416735310723314e-9; 0.014203382230333347 0.9716272350691515 0.014135373564371619 3.400738792107958e-5 1.7482222874680569e-9; 0.014203260306900244 0.9716273623795298 0.014135368153353428 3.4007420420428934e-5 1.7397957027833697e-9; 0.014201771684701436 0.971628942744681 0.014135277131912385 3.4006688042560846e-5 1.7506618800792058e-9; 0.014181712385169909 0.9716509217272284 0.014133370568739426 3.399357219637355e-5 1.7466649471188933e-9; 0.013857092864969353 0.9720497309393423 0.014059708012268017 3.3467298482263154e-5 8.849374999289402e-10; 0.007260996343578075 0.985769136919732 0.006969606976789007 2.5975990044273396e-7 0.0]; [0.08450764692114057, 0.08660240765213129, 0.08671992268132805, 0.08672850333890653, 0.0867292009017886, 0.08672926037674417, 0.08672926583156308, 0.08672926612235912, 0.08672926631016553, 0.08672926618587173, 0.08672926629376805, 0.08672926619967783, 0.08672926628208456, 0.08672926620677018, 0.08672926627779803, 0.0867292662057562, 0.08672926628025521, 0.08672926619365245, 0.08672926628775875, 0.08672926616504788, 0.0867292662904884, 0.08672926606713116, 0.08672926577200452, 0.08672926024654636, 0.08672920068887315, 0.08672850362624655, 0.08671993424686372, 0.08660238804505427, 0.08450763354329976]
false; -12.415902341792947; [-0.4212029095250805, -0.44281221503069285, -0.4429309500468252, -0.4429309990754452, -0.4429309108310442, -0.4429309015413691, -0.44293089960866017, -0.4429309000587825, -0.44293090013629455, -0.4429309000806308, -0.4429309000042133, -0.44293089998270496, -0.4429309001887129, -0.44293090002966756, -0.44293090002521845, -0.4429309000192948, -0.44293090003634067, -0.4429309000243395, -0.4429309000122962, -0.442930900037898, -0.44293090002653696, -0.44293090002042207, -0.4429309000405451, -0.44293090012137215, -0.44293090113118766, -0.4429309107172107, -0.44293099910679207, -0.4429309489751481, -0.4428122119969791, -0.42120290799846044]; [0.9997091335898157, 1.0002695513827082, 1.0000196529939516, 1.00000152299858, 1.0000001275837929, 1.0000000119533514, 1.0000000007970742, 0.999999999873999, 1.0000000000866318, 0.9999999999799869, 1.00000000014901, 0.9999999997923796, 1.0000000001269993, 1.0000000000075382, 1.000000000026703, 0.9999999999744198, 1.000000000020072, 1.0000000000046525, 0.9999999999940891, 0.9999999999927985, 1.00000000002638, 0.9999999999846487, 1.0000000001216134, 1.000000001009879, 1.000000011331658, 1.0000001277387878, 1.0000015244894525, 1.0000196500685958, 1.0002695521732372, 0.9997091317810732]; [0.014231558119871757, 0.02805061429046729, 0.028451079390642064, 0.028473090565531267, 0.028474673927737726, 0.028474799406473794, 0.028474812357320856, 0.028474812905191715, 0.028474812893825918, 0.028474812671272387, 0.02847481282334474, 0.028474813241841312, 0.028474812744398337, 0.028474812877727462, 0.028474812826709606, 0.028474812867556043, 0.028474812800660887, 0.02847481281224651, 0.028474812868875432, 0.02847481281831299, 0.02847481282162012, 0.02847481283747566, 0.028474812722228515, 0.02847481183470668, 0.02847480137108982, 0.028474673722576505, 0.028473090634958176, 0.028451074895228246, 0.028050607185931886, 0.01423155714209201]; [0.0072609947930298 0.9857691365977564 0.006969608835581806 2.5977363190913274e-7 8.326542403995488e-35; 0.013857095541268908 0.9720497288897519 0.01405970510056758 3.346958182564694e-5 8.86586087630589e-10; 0.014181713804858626 0.9716509172260435 0.01413337289627878 3.399431592510192e-5 1.7568937893861315e-9; 0.014201771103126579 0.9716289456939076 0.014135274086996073 3.400733320009677e-5 1.7827699966355314e-9; 0.014203259678903525 0.9716273647671635 0.014135365629483953 3.400814013506192e-5 1.7843140603069904e-9; 0.014203380637994025 0.971627238074516 0.014135371768347092 3.400773443096331e-5 1.7847121841021455e-9; 0.014203392440603637 0.9716272258768991 0.014135371911657412 3.400798650059803e-5 1.7843397746154237e-9; 0.014203393106584247 0.9716272255375262 0.014135371515517537 3.400805605340936e-5 1.7843195905822722e-9; 0.014203393032490276 0.9716272254350192 0.014135371730335073 3.4008017680645336e-5 1.7844752029831189e-9; 0.01420339300697407 0.9716272255604363 0.01413537166251647 3.4007985776165986e-5 1.7842974072461162e-9; 0.014203393027994638 0.9716272253197178 0.014135371912026917 3.4007955804998186e-5 1.7844558947561888e-9; 0.014203393300582207 0.971627225246361 0.014135371597395887 3.400807141789917e-5 1.7842434274237127e-9; 0.014203392965907594 0.9716272254992913 0.014135371761381193 3.400798873524329e-5 1.7846852799897087e-9; 0.014203393093924432 0.9716272253616509 0.01413537177152022 3.400798877282809e-5 1.7841322813779093e-9; 0.014203393063088723 0.97162722539935 0.01413537177001775 3.40079828591703e-5 1.7846852905508223e-9; 0.014203393100289695 0.9716272253871453 0.014135371734556545 3.400799387375848e-5 1.7841351002053183e-9; 0.014203393050812148 0.9716272254330911 0.014135371746004247 3.400798539795786e-5 1.7846948060210767e-9; 0.01420339306963704 0.9716272254061005 0.01413537175836776 3.40079817620719e-5 1.784132581997713e-9; 0.014203393090454491 0.9716272253872666 0.01413537174468991 3.4007992914230295e-5 1.784674950484427e-9; 0.014203393071303826 0.9716272254219187 0.01413537173358223 3.400798906676262e-5 1.7841288812741112e-9; 0.014203393059824479 0.9716272254070749 0.014135371764687023 3.4007983723184185e-5 1.7846905443844137e-9; 0.01420339308242369 0.9716272254103623 0.014135371731488586 3.400799159369234e-5 1.7841321475617534e-9; 0.014203392962470992 0.971627225506592 0.014135371762481816 3.4007983765253363e-5 1.7846905475080276e-9; 0.014203392069086832 0.9716272264111435 0.01413537174470562 3.400799093365785e-5 1.78413100448509e-9; 0.014203381681465423 0.9716272368589799 0.014135371690669772 3.400798420326479e-5 1.7846824073011459e-9; 0.014203259605236149 0.9716273646532877 0.014135365923047595 3.400803430983029e-5 1.7841189129405873e-9; 0.014201770694281348 0.9716289447185215 0.014135275773754548 3.400703034653565e-5 1.783095627043105e-9; 0.014181713112417354 0.9716509214447898 0.014133369460314881 3.399422673598049e-5 1.755741963069341e-9; 0.013857093210379524 0.9720497311456417 0.014059706789858595 3.346796860271087e-5 8.855175316935772e-10; 0.007260995219206366 0.985769137543978 0.006969607473352132 2.5976346367158675e-7 1.912418445905261e-27]; [0.08450763534121142, 0.08660238218162176, 0.08671990007961657, 0.08672848030342042, 0.08672917902422324, 0.08672923663138367, 0.08672923926397932, 0.08672924138168656, 0.08672924173327087, 0.08672924114558785, 0.08672924088040199, 0.08672924162083238, 0.08672924210238063, 0.08672924172999864, 0.08672924175411242, 0.0867292417630487, 0.0867292417922202, 0.08672924166207467, 0.08672924175206954, 0.08672924173749763, 0.0867292417577837, 0.08672924165586418, 0.08672924126811658, 0.08672923613657416, 0.08672917889393475, 0.08672848274428174, 0.08671991529643311, 0.0866023758103748, 0.08450763053450895]
