# FixedN; E; LocalE; nMean; nVariance; Populations; Entropy
false; -42.97024861144897; [-1.549208241492008, -2.3988244119682443, -2.463423124377852, -2.4682492939774874, -2.4689023102069996, -2.468924837328447, -2.4689997198775098, -2.4692987805209055, -2.4694521423493145, -2.469478285756153, -2.4694380817342707, -2.4692107323779684, -2.469119149177455, -2.4687023161160537, -2.468248069564553, -2.467479073841637, -2.466578741378879, -2.4654124956787244, -2.4641682753045866, -2.4627164604954976, -2.461288376565918, -2.459777399963935, -2.4583954709226252, -2.4569574062389323, -2.4555483537544687, -2.453925532013659, -2.4518278831352136, -2.4452322900398364, -2.3781742053175825, -1.5392768177693101]; [1.5185562611677124, 1.741412228654977, 1.7550542018876474, 1.756132523212729, 1.7559016998362431, 1.755110366480552, 1.7547127204360766, 1.755590323452845, 1.7560331787017016, 1.755802889126152, 1.755416042788464, 1.7555249493709104, 1.7551562366273779, 1.754721239064044, 1.753693070069571, 1.7524578656330683, 1.7507238739042614, 1.7489048498733608, 1.7465966376116409, 1.7440770100097085, 1.7414728063764828, 1.7391759831501752, 1.7367449727686726, 1.7346267518432208, 1.7324888536205598, 1.7303773508911213, 1.7276733153378492, 1.7255497916297764, 1.709079965901864, 1.4823001068127917]; [0.3993814790786394, 0.5577761116252895, 0.5772528359529954, 0.5807454828672585, 0.5822870122266397, 0.5824319690800484, 0.582854270662795, 0.5832792858886626, 0.5835578820914882, 0.5835483217275903, 0.5835434634860239, 0.5836844921004425, 0.583667802707295, 0.5836683849920643, 0.5835004757047333, 0.5833078982543021, 0.5830750078438456, 0.5828318220107609, 0.5824538168128783, 0.5820484390564964, 0.5816402335740167, 0.581278384056362, 0.5807762919301753, 0.5802697073314804, 0.5796961638682503, 0.5787245756904222, 0.5770561733330841, 0.5727847775149137, 0.5523238494333387, 0.39428248280662537]; [0.028817558014316177 0.4691399860641262 0.45742507833988844 0.04390339190286802 0.0007139856788013438; 0.030681125824810897 0.341685983038656 0.4910588265099474 0.12868766590991748 0.007886398716668318; 0.03162187295578498 0.33667468845152215 0.48628903406220186 0.1358561728102432 0.009558231720248105; 0.03184457938179167 0.33668909200857416 0.4847748774153675 0.13687212840364785 0.009819322790619176; 0.03209747804586585 0.33680969958234713 0.4840689794081322 0.13714133041698903 0.009882512546666139; 0.0322058053650737 0.3371916245832237 0.48372619518174015 0.13703914794600316 0.009837226923959408; 0.03221662677330283 0.33758904376596444 0.48337408749750715 0.13690546617780483 0.009914775785421666; 0.03218194525008014 0.33718604089147386 0.48347240858510787 0.13717895570219957 0.009980649571139505; 0.03216330373666298 0.3370361253078761 0.4834008795967916 0.13740347123443797 0.009996220124232453; 0.03215747838970745 0.33718964807890595 0.4833721270791843 0.13725399891993326 0.010026747532269963; 0.032218753238141454 0.3373170832249813 0.4832945545191521 0.13716858554572403 0.010001023472002228; 0.03222023187488073 0.33728394186320454 0.483265630345021 0.1372110368499148 0.010019159066980627; 0.0322538875287608 0.33746551006995873 0.4831539252613805 0.13712383252494403 0.010002844614956862; 0.03228977711948692 0.3376846482843845 0.48304056161303455 0.13698458437878896 0.01000042860430626; 0.03238989851382957 0.3381200192986289 0.48284473563503233 0.1366978067091646 0.009947539843346757; 0.03250605074422094 0.33864559789889764 0.4826326066590039 0.1363159243753518 0.009899820322527373; 0.03265795434797153 0.3394405999720925 0.48225146058207624 0.13581958762342444 0.00983039747443624; 0.03281455412828955 0.3402755814074956 0.48186895441167465 0.135272280567647 0.009768629484893954; 0.03302826479179855 0.3412793944096584 0.48143081204408233 0.13459049590403163 0.009671032850431562; 0.03324715849566788 0.34241628422745624 0.48092518926010247 0.13383512480505172 0.009576243211723807; 0.03348132361116682 0.3435847051087267 0.4803870051505411 0.13307377355159433 0.009473192577973528; 0.03368105801546375 0.34463417678789704 0.479900922729295 0.13239540896569382 0.00938843350165282; 0.03389357269778907 0.34570145813634695 0.4794564808975957 0.13166340023594544 0.009285088032325247; 0.03406604602578512 0.3466385953953748 0.47909414397872424 0.13100498991007115 0.00919622469004678; 0.03423169010785422 0.3475885180985043 0.47874021327927796 0.13033840509396102 0.009101173420405066; 0.034346408192447386 0.34850584173730237 0.47854847359819036 0.12962254393080763 0.008976732541254959; 0.034447839809379564 0.3496194668325072 0.47855358589551783 0.1285697531360821 0.008809354326515915; 0.034242120414414774 0.350040514549739 0.4801548936143266 0.12705039583469974 0.008512075586822444; 0.03352911148868754 0.3564922590742115 0.48420776282894773 0.11891128526285898 0.006859581345296578; 0.03227634995061416 0.492597724050557 0.4362463990318021 0.038308523169484035 0.0005710037975457014]; [0.9498996657919082, 1.0803354665289207, 1.1356155030318789, 1.169519131468865, 1.1917472049993867, 1.2057424337713931, 1.2154945967298898, 1.2214712869294055, 1.2249330924206094, 1.2264170753247057, 1.2266302231683994, 1.2260643764093189, 1.225112257019548, 1.223871861746449, 1.2226310625019372, 1.2213446882290113, 1.220106280092757, 1.2187503605075616, 1.2170724007666007, 1.2148366567361444, 1.211917380741966, 1.2075229655280315, 1.200965797778356, 1.191494836989445, 1.1778699069576832, 1.1572909256812176, 1.124817509164625, 1.0709713757186365, 0.9415403863848408];
